      0
    670
    244
    276
    360
    380
    396
    434
    504
    450
    470
    473
    684
    494
    714
   1020
    944
   1292
   1494
   1444
   1420
   1638
   1452
   1334
   1728
   1550
   1976
   1485
   2184
   1885
   1680
   2108
   1856
   2409
   1870
   2345
   2016
   1961
   2014
   1911
   1840
   1927
   1596
   1849
   2200
   2520
   2300
   2209
   2496
   2548
   2400
   2856
   3432
   2809
   2970
   2145
   1792
   2166
   1334
   1770
   1800
   1220
   1302
   1512
   1088
   1365
   1386
   1005
    816
    621
    980
    781
    648
    292
    518
    525
    304
    308
    390
    237
    400
     81
    328
     83
      0
      0
    172
     87
     88
      0
      0
      0
      0
      0
      0
      0
      0
      0
      0
      0
      0
      0
      0
      0
      0
      0
      0
      0
      0
      0
      0
      0
      0
      0
      0
      0
      0
      0
      0
      0
      0
      0
      0
      0
      0
      0
      0
      0
