   7936
    670
    122
     92
     90
     76
     66
     62
     63
     50
     47
     43
     57
     38
     51
     68
     59
     76
     83
     76
     71
     78
     66
     58
     72
     62
     76
     55
     78
     65
     56
     68
     58
     73
     55
     67
     56
     53
     53
     49
     46
     47
     38
     43
     50
     56
     50
     47
     52
     52
     48
     56
     66
     53
     55
     39
     32
     38
     23
     30
     30
     20
     21
     24
     17
     21
     21
     15
     12
      9
     14
     11
      9
      4
      7
      7
      4
      4
      5
      3
      5
      1
      4
      1
      0
      0
      2
      1
      1
      0
      0
      0
      0
      0
      0
      0
      0
      0
      0
      0
      0
      0
      0
      0
      0
      0
      0
      0
      0
      0
      0
      0
      0
      0
      0
      0
      0
      0
      0
      0
      0
      0
      0
      0
      0
      0
      0
      0
