    134912
    123510
    120990
    119016
    117316
    115566
    114130
    112662
    111162
    110016
    108852
    107670
    106470
    105252
    104016
    102340
    100632
     98452
     96222
     93942
     92082
     89712
     87780
     85816
     83820
     81792
     79212
     77640
     74980
     72816
     70620
     68392
     66800
     63840
     62192
     59160
     57372
     55647
     53130
     51282
     49416
     47532
     46266
     44352
     42420
     40470
     38556
     36516
     33840
     31812
     29766
     27702
     24222
     22110
     19980
     17832
     16390
     14940
     13482
     12750
     11280
      9802
      9060
      8316
      7570
      6072
      5320
      4566
      3810
      3810
      3052
      2292
      2292
      1530
      1530
       766
       766
       766
       766
         0
         0
         0
         0
         0
         0
         0
         0
         0
         0
         0
         0
         0
         0
         0
         0
         0
         0
         0
         0
         0
         0
         0
         0
         0
         0
         0
         0
         0
         0
         0
         0
         0
         0
         0
         0
         0
         0
         0
         0
         0
         0
         0
         0
         0
         0
         0
         0
         0
