         23235219200
         29292743190
         30733395840
         31566018600
         32458521616
         33201649536
         33775175680
         34453053558
         34860403200
         35244285696
         35614632768
         35846465430
         36063944280
         36638221200
         36700589376
         36965310340
         37200027648
         37479593428
         37707092472
         37879762950
         37834744242
         37903320000
         37890149220
         37949980600
         37739200620
         37598473728
         37494524928
         37179000960
         36845246980
         36603219696
         36507785820
         36047781792
         35402931200
         34958784000
         34333031408
         34080951960
         33312707568
         32651211132
         32324292000
         31762481058
         31232147400
         30572772528
         29758476264
         29315297088
         28384240080
         27079448280
         26115096924
         25155872400
         24622288560
         23309797632
         22271665350
         20631590838
         19663443822
         18108642750
         16364119500
         15789897192
         14885545510
         13483350000
         13293912618
         11555376000
         10701065280
         10786130602
          9724061760
          8365970844
          7676350930
          7630324152
          6437200000
          5913170904
          5754780210
          4643688960
          4170744172
          4146285300
          2921477172
          4000474170
          2821570920
          4172827896
          3156609400
          2268770206
          1357015726
                   0
                   0
                   0
                   0
                   0
                   0
                   0
                   0
                   0
                   0
                   0
                   0
                   0
                   0
                   0
                   0
                   0
                   0
                   0
                   0
                   0
                   0
                   0
                   0
                   0
                   0
                   0
                   0
                   0
                   0
                   0
                   0
                   0
                   0
                   0
                   0
                   0
                   0
                   0
                   0
                   0
                   0
                   0
                   0
                   0
                   0
                   0
                   0
                   0
