    172225
    237169
    254016
    265225
    276676
    287296
    295936
    305809
    313600
    320356
    327184
    332929
    338724
    348100
    352836
    361201
    369664
    380689
    391876
    403225
    410881
    422500
    431649
    442225
    450241
    459684
    473344
    478864
    491401
    502681
    516961
    527076
    529984
    547600
    552049
    576081
    580644
    586756
    608400
    619369
    632025
    643204
    643204
    660969
    669124
    669124
    677329
    688900
    727609
    732736
    748225
    744769
    811801
    819025
    819025
    885481
    908209
    902500
    986049
    906304
    948676
   1100401
   1073296
   1006009
   1014049
   1256641
   1210000
   1295044
   1510441
   1218816
   1366561
   1809025
   1274641
   2614689
   1844164
   5447556
   4120900
   2961841
   1771561
     21025
     21316
     21316
     21316
     21316
     21316
     21316
     21609
     21609
     21609
     21609
     21609
     21609
     21609
     21609
     21609
     21609
     21609
     21609
     21609
     21609
     21609
     21609
     21609
     21609
     21609
     21609
     21609
     21609
     21609
     21609
     21609
     21609
     21609
     21609
     21609
     21609
     21609
     21609
     21609
     21609
     21609
     21609
     21609
     21609
     21609
     21609
     21609
     21609
