      0
      0
     10
     30
     76
     75
    114
    105
    120
    117
    130
    132
    216
    208
    196
    210
    208
    323
    180
    380
    300
    315
    198
    184
    288
    250
    182
    189
    224
    203
    210
    155
     64
    231
    170
    385
    288
    148
    532
    429
    400
    861
    588
    602
    352
    495
    506
    517
    384
    588
    350
    561
    364
    424
    378
    605
    504
    228
    464
    472
    240
    488
    248
    189
    320
    130
    264
     67
    136
    207
     70
     71
     72
     73
     74
      0
      0
      0
      0
      0
      0
      0
      0
      0
      0
      0
      0
      0
      0
      0
      0
      0
      0
      0
      0
      0
      0
      0
      0
      0
      0
      0
      0
      0
      0
      0
      0
      0
      0
      0
      0
      0
      0
      0
      0
      0
      0
      0
      0
      0
      0
      0
      0
      0
      0
      0
      0
      0
