       0 
    1839 
    1839 
       2 
       8 
      16 
      18 
      17 
      14 
      13 
      10 
      16 
      11 
      15 
      18 
      16 
      12 
      12 
      23 
      13 
      19 
      16 
      14 
       4 
      12 
      10 
       8 
      11 
       7 
       6 
       8 
       6 
       6 
       1 
       7 
       5 
      10 
       7 
       8 
      12 
      11 
      11 
      18 
      14 
      12 
      11 
      11 
       9 
      14 
       8 
       8 
       8 
      14 
       4 
       9 
       7 
       9 
      11 
       3 
       9 
       6 
       7 
       7 
       4 
       3 
       3 
       4 
       5 
       0 
       2 
       3 
       0 
       1 
       3 
       0 
       0 
       1 
       0 
       0 
       0 
       0 
       0 
       0 
       0 
       0 
       0 
       0 
       0 
       0 
       0 
       0 
       0 
       0 
       0 
       0 
       0 
       0 
       0 
       0 
       0 
       0 
       0 
       0 
       0 
       0 
       0 
       0 
       0 
       0 
       0 
       0 
       0 
       0 
       0 
       0 
       0 
       0 
       0 
       0 
       0 
       0 
       0 
       0 
       0 
       0 
       0 
       0 
       0 
