   1827 
      0 
      5 
     10 
     19 
     15 
     19 
     15 
     15 
     13 
     13 
     12 
     18 
     16 
     14 
     14 
     13 
     19 
     10 
     20 
     15 
     15 
      9 
      8 
     12 
     10 
      7 
      7 
      8 
      7 
      7 
      5 
      2 
      7 
      5 
     11 
      8 
      4 
     14 
     11 
     10 
     21 
     14 
     14 
      8 
     11 
     11 
     11 
      8 
     12 
      7 
     11 
      7 
      8 
      7 
     11 
      9 
      4 
      8 
      8 
      4 
      8 
      4 
      3 
      5 
      2 
      4 
      1 
      2 
      3 
      1 
      1 
      1 
      1 
      1 
      0 
      0 
      0 
      0 
      0 
      0 
      0 
      0 
      0 
      0 
      0 
      0 
      0 
      0 
      0 
      0 
      0 
      0 
      0 
      0 
      0 
      0 
      0 
      0 
      0 
      0 
      0 
      0 
      0 
      0 
      0 
      0 
      0 
      0 
      0 
      0 
      0 
      0 
      0 
      0 
      0 
      0 
      0 
      0 
      0 
      0 
      0 
      0 
      0 
      0 
      0 
